0.1 0.2 0.3   0.01 0.02 0.03   255.0
0.4 0.5 0.6   0.04 0.05 0.06   200.0
0.7 0.8 0.9   0.07 0.08 0.09   150.0
1.0 1.1 1.2   0.1 0.11 0.12   100.0
1.3 1.4 1.5   0.13 0.14 0.15   50.0
1.6 1.7 1.8   0.16 0.17 0.18   255.0
1.9 2.0 2.1   0.19 0.2 0.21   200.0
2.2 2.3 2.4   0.22 0.23 0.24   150.0
2.5 2.6 2.7   0.25 0.26 0.27   100.0
2.8 2.9 3.0   0.28 0.29 0.3   50.0
3.1 3.2 3.3   0.31 0.32 0.33   255.0
3.4 3.5 3.6   0.34 0.35 0.36   200.0
3.7 3.8 3.9   0.37 0.38 0.39   150.0
4.0 4.1 4.2   0.4 0.41 0.42   100.0
4.3 4.4 4.5   0.43 0.44 0.45   50.0
4.6 4.7 4.8   0.46 0.47 0.48   255.0
4.9 5.0 5.1   0.49 0.5 0.51   200.0
5.2 5.3 5.4   0.52 0.53 0.54   150.0
5.5 5.6 5.7   0.55 0.56 0.57   100.0
5.8 5.9 6.0   0.58 0.59 0.6   50.0
